0 0 499 45 
0 11 31 17 
0 11 122 33 
116 18 158 28 
430 19 496 88 
342 20 419 34 
0 23 477 108 
476 23 499 70 
0 24 27 33 
0 28 58 43 
31 32 83 37 
182 33 222 43 
246 37 479 52 
159 45 323 56 
290 48 372 52 
331 51 472 54 
471 54 499 116 
196 59 237 67 
139 60 178 68 
320 60 456 151 
77 61 110 87 
0 68 82 150 
75 69 92 107 
181 69 221 121 
464 73 487 107 
79 74 112 115 
309 74 330 90 
279 75 306 96 
312 76 334 96 
436 76 450 98 
442 79 457 96 
107 80 140 115 
332 80 350 89 
348 80 377 99 
214 81 253 108 
166 85 187 109 
434 85 467 107 
265 86 288 108 
291 86 312 98 
262 87 349 138 
375 88 393 104 
243 90 267 113 
148 91 165 119 
218 91 228 108 
347 92 386 136 
368 94 379 111 
93 95 157 127 
126 96 248 253 
65 98 100 123 
203 98 212 123 
325 99 343 137 
467 101 487 118 
340 102 352 117 
431 103 445 122 
442 103 467 121 
116 104 133 112 
461 105 481 154 
230 107 264 128 
479 108 499 157 
130 111 158 142 
32 112 66 147 
235 113 278 164 
32 114 113 183 
440 114 464 175 
477 114 486 143 
40 116 76 158 
90 116 121 141 
101 116 130 168 
333 116 375 136 
131 118 150 140 
229 119 499 318 
296 121 324 144 
445 123 452 165 
284 124 347 189 
440 124 447 162 
0 125 56 185 
466 125 479 164 
337 128 371 154 
370 130 415 163 
264 131 302 178 
361 131 380 176 
211 132 235 162 
228 132 259 153 
266 135 288 179 
220 136 236 160 
138 138 161 161 
340 138 360 151 
86 139 137 174 
342 140 361 167 
442 140 451 184 
79 141 115 173 
113 141 158 188 
233 146 256 165 
248 149 265 166 
344 150 376 211 
359 153 379 176 
248 154 267 178 
0 155 63 307 
196 158 222 182 
204 158 262 193 
338 158 356 218 
254 163 278 198 
39 164 74 202 
106 167 127 206 
78 168 118 192 
62 172 93 191 
243 174 265 193 
271 178 287 202 
179 179 219 205 
191 179 222 197 
0 181 5 207 
259 182 326 210 
68 190 124 209 
218 192 245 199 
245 192 265 208 
141 194 178 214 
136 197 210 279 
237 197 255 214 
343 197 356 220 
77 198 119 221 
202 198 233 239 
227 198 240 221 
75 199 114 228 
93 200 142 262 
50 201 69 223 
112 206 121 228 
250 206 278 231 
452 207 476 220 
258 208 299 259 
279 208 301 255 
41 209 119 318 
236 211 257 235 
249 213 263 234 
42 215 67 277 
227 217 259 238 
16 218 59 250 
219 220 258 279 
233 224 263 257 
264 224 288 261 
145 225 161 240 
4 226 80 318 
216 229 237 287 
18 230 52 264 
260 232 271 265 
411 233 455 256 
198 234 226 258 
135 238 169 272 
397 238 424 269 
59 241 66 266 
175 242 214 318 
274 242 290 273 
383 243 410 268 
208 246 225 271 
260 246 277 274 
54 250 178 318 
222 250 241 318 
358 250 421 281 
120 252 138 275 
220 252 231 292 
279 253 295 279 
189 254 209 277 
200 255 209 286 
250 258 264 279 
237 259 253 282 
106 262 137 281 
296 263 310 276 
200 269 218 297 
264 269 293 294 
273 271 291 284 
185 274 226 318 
203 274 228 298 
326 276 364 309 
41 283 78 314 
29 285 74 307 
293 285 361 318 
356 285 374 302 
218 287 230 318 
0 299 14 316 
344 299 398 318 
41 300 63 311 
0 306 25 318 
419 312 444 318 
0 114 113 185 
344 131 380 211 
344 285 398 318 
293 276 364 318 
358 238 424 281 
262 76 349 138 
4 218 80 318 
4 209 119 318 
181 69 221 123 
126 85 248 253 
77 198 142 262 
179 179 233 239 
0 112 113 185 
185 254 226 318 
342 131 380 211 
65 95 157 127 
262 75 349 138 
273 253 295 284 
262 75 349 144 
77 61 112 115 
0 112 113 307 
0 112 119 318 
258 182 326 259 
126 85 248 279 
333 116 375 154 
0 299 25 318 
0 112 119 318 
262 75 349 144 
65 95 158 142 
179 179 258 279 
333 92 386 154 
338 131 380 218 
75 61 112 115 
106 252 138 281 
466 114 486 164 
135 225 169 272 
77 198 169 272 
0 112 169 318 
229 108 499 318 
262 60 456 151 
293 276 398 318 
39 164 93 202 
430 19 496 96 
464 73 487 118 
237 258 264 282 
179 179 264 282 
179 179 264 282 
181 69 228 123 
126 69 248 279 
358 233 455 281 
358 233 455 281 
200 246 225 297 
75 61 140 115 
430 19 499 116 
262 19 499 151 
179 179 264 297 
233 182 326 259 
229 108 499 318 
0 0 499 45 
179 179 264 297 
464 73 487 164 
191 179 245 199 
65 95 161 161 
179 179 264 298 
233 146 265 166 
54 69 248 318 
0 112 169 318 
65 61 161 161 
65 61 161 161 
0 61 169 318 
325 99 352 137 
431 103 467 122 
325 92 386 154 
325 92 386 218 
325 80 386 218 
179 179 264 298 
260 246 295 284 
179 179 295 298 
54 69 295 318 
191 179 265 208 
39 164 93 223 
39 164 93 277 
0 61 169 318 
235 113 302 178 
235 90 302 178 
54 69 302 318 
54 19 499 318 
228 132 265 166 
54 19 499 318 
0 11 122 43 
79 139 137 174 
461 73 487 164 
440 73 487 175 
0 0 499 45 
442 123 452 184 
440 73 487 184 
290 48 472 54 
54 19 499 318 
236 211 263 235 
229 108 499 318 
79 116 137 174 
0 61 169 318 
0 23 477 108 
229 108 499 318 
204 132 262 193 
54 19 499 318 
68 168 124 209 
0 61 169 318 
0 19 499 318 
0 23 477 150 
325 80 386 218 
0 19 499 318 
243 154 267 193 
0 19 499 318 
434 76 467 107 
431 76 467 122 
229 108 499 318 
264 224 290 273 
0 19 499 318 
229 108 499 318 
254 135 288 198 
191 135 288 208 
0 23 477 150 
0 19 499 318 
229 108 499 318 
229 108 499 318 
229 108 499 318 
0 23 477 150 
106 141 158 206 
0 19 499 318 
246 37 479 54 
0 0 499 54 
229 108 499 318 
75 199 121 228 
0 19 499 318 
229 108 499 318 
175 242 226 318 
0 19 499 318 
0 23 477 150 
0 19 499 318 
291 74 330 98 
0 19 499 318 
237 197 278 231 
0 19 499 318 
229 108 499 318 
0 19 499 318 
0 0 499 54 
0 11 122 43 
0 11 499 318 
41 283 78 314 
0 11 499 318 
0 0 499 54 
216 229 241 318 
0 11 499 318 
0 0 499 70 
0 0 499 318 
0 0 499 318 
0 0 499 318 
0 0 499 318 
0 0 499 318 
0 0 499 318 
0 0 499 318 
0 0 499 318 
0 0 499 318 
0 0 499 318 
0 0 499 318 
0 0 499 318 
0 0 499 318 
0 0 499 318 
0 0 499 318 
0 0 499 318 
0 0 499 318 
0 0 499 318 
0 0 499 318 
0 0 499 318 
0 0 499 318 
0 0 499 318 
0 0 499 318 
0 0 499 318 
0 0 499 318 
0 0 499 318 
